# input flux integral: 3.27217 (width integral: 1.63608)
0.25 0.0192067
0.75 0.0538793
1.25 0.0832589
1.75 0.0985494
2.25 0.103591
2.75 0.101987
3.25 0.0938232
3.75 0.0764647
4.25 0.0643925
4.75 0.0497802
5.25 0.0451258
5.75 0.0326762
6.25 0.0236891
6.75 0.0208409
7.25 0.0140061
7.75 0.0112182
8.25 0.010064
8.75 0.00772565
9.25 0.00634794
9.75 0.00593845
10.25 0.00687725
10.75 0.00531675
11.25 0.00462351
11.75 0.0037408
12.25 0.00347174
12.75 0.00320992
13.25 0.00339509
13.75 0.00356959
14.25 0.00251277
14.75 0.0027945
15.25 0.0026254
15.75 0.0020893
16.25 0.00178268
16.75 0.00148944
17.25 0.00196827
17.75 0.00153965
18.25 0.00126321
18.75 0.00156643
19.25 0.00136966
19.75 0.00110582
20.25 0.00113515
20.75 0.000925745
21.25 0.00106801
21.75 0.00090089
22.25 0.000857432
22.75 0.00099182
23.25 0.000875793
23.75 0.000974722
24.25 0.000724569
24.75 0.00104404
25.25 0.00058865
25.75 0.000567881
26.25 0.00066919
26.75 0.000787992
27.25 0.00047989
27.75 0.000489437
28.25 0.000441903
28.75 0.000389161
29.25 0.000309749
29.75 0.000480181
30.25 0.000375699
30.75 0.000395762
31.25 0.00026437
31.75 0.00037749
32.25 0.000310379
32.75 0.00032443
33.25 0.000426852
33.75 0.000344753
34.25 0.000351403
34.75 0.000226773
35.25 0.000276823
35.75 0.000280541
36.25 0.000206269
36.75 7.81626e-05
37.25 0.00020252
37.75 0.000127054
38.25 0.000127472
38.75 0.000151405
39.25 0.000175442
39.75 8.41782e-05
40.25 3.2598e-05
40.75 0.00011058
41.25 0.000103885
41.75 8.63477e-05
42.25 5.87363e-05
42.75 3.45997e-05
43.25 8.99469e-05
43.75 9.51557e-05
44.25 5.87461e-05
44.75 4.96573e-05
45.25 7.3536e-05
45.75 1.46915e-05
46.25 0.000138063
46.75 4.64439e-05
47.25 6.9226e-05
47.75 2.21989e-05
48.25 3.07735e-05
48.75 2.77496e-05
49.25 7.47206e-06
49.75 6.92722e-06
50.25 3.07011e-05
50.75 7.1674e-06
51.25 1.46886e-05
51.75 1.43865e-05
52.25 0
52.75 0
53.25 0
53.75 0
54.25 2.18788e-05
54.75 0
55.25 6.80122e-06
55.75 1.35593e-05
56.25 6.61452e-06
56.75 0
57.25 0
57.75 2.06854e-05
58.25 6.54695e-06
58.75 0
59.25 0
59.75 0
60.25 0
60.75 0
61.25 0
61.75 0
62.25 6.12854e-06
62.75 0
63.25 6.45041e-06
63.75 0
64.25 0
64.75 0
65.25 0
65.75 0
66.25 0
66.75 0
67.25 0
67.75 0
68.25 0
68.75 0
69.25 0
69.75 0
70.25 0
70.75 0
71.25 0
71.75 0
72.25 0
72.75 0
73.25 0
73.75 0
74.25 0
74.75 0
75.25 0
75.75 0
76.25 0
76.75 0
77.25 0
77.75 0
78.25 0
78.75 0
79.25 0
79.75 0
80.25 0
80.75 0
81.25 0
81.75 0
82.25 0
82.75 0
83.25 0
83.75 0
84.25 0
84.75 0
85.25 0
85.75 0
86.25 0
86.75 0
87.25 0
87.75 0
88.25 0
88.75 0
89.25 0
89.75 0
90.25 0
90.75 0
91.25 0
91.75 0
92.25 0
92.75 0
93.25 0
93.75 0
94.25 0
94.75 0
95.25 0
95.75 0
96.25 0
96.75 0
97.25 0
97.75 0
98.25 0
98.75 0
99.25 0
99.75 0
