# input flux integral: 231.231 (width integral: 115.615)
0.25 0.0100706
0.75 0.027056
1.25 0.0691958
1.75 0.0992515
2.25 0.129445
2.75 0.156431
3.25 0.157614
3.75 0.122165
4.25 0.0701416
4.75 0.0361632
5.25 0.0214263
5.75 0.0146644
6.25 0.0110965
6.75 0.00902924
7.25 0.00754968
7.75 0.00631425
8.25 0.00533493
8.75 0.00467027
9.25 0.00418385
9.75 0.00376299
10.25 0.00321059
10.75 0.00294471
11.25 0.00264364
11.75 0.00241258
12.25 0.00215721
12.75 0.00198207
13.25 0.00180547
13.75 0.00158702
14.25 0.00143445
14.75 0.00127929
15.25 0.00115815
15.75 0.00106806
16.25 0.000963535
16.75 0.000855846
17.25 0.000780121
17.75 0.000697441
18.25 0.000634431
18.75 0.000557806
19.25 0.000520354
19.75 0.000466322
20.25 0.000428337
20.75 0.000382668
21.25 0.00033537
21.75 0.000308163
22.25 0.000281191
22.75 0.000265531
23.25 0.000245428
23.75 0.000204304
24.25 0.000194928
24.75 0.000171119
25.25 0.000172589
25.75 0.00014963
26.25 0.000131816
26.75 0.000129169
27.25 0.000132814
27.75 0.000118226
28.25 0.000106052
28.75 9.21304e-05
29.25 9.08395e-05
29.75 7.70697e-05
30.25 7.63406e-05
30.75 6.8836e-05
31.25 6.74698e-05
31.75 5.98043e-05
32.25 5.73622e-05
32.75 5.55337e-05
33.25 5.20687e-05
33.75 5.28122e-05
34.25 4.57906e-05
34.75 4.91777e-05
35.25 4.24279e-05
35.75 3.67969e-05
36.25 3.45853e-05
36.75 3.37161e-05
37.25 2.89145e-05
37.75 2.71214e-05
38.25 2.68844e-05
38.75 2.35813e-05
39.25 2.16116e-05
39.75 1.87861e-05
40.25 1.75948e-05
40.75 1.76787e-05
41.25 1.65297e-05
41.75 1.68263e-05
42.25 1.7077e-05
42.75 1.62205e-05
43.25 1.59057e-05
43.75 1.10357e-05
44.25 1.42532e-05
44.75 1.2099e-05
45.25 1.05604e-05
45.75 1.02318e-05
46.25 1.16382e-05
46.75 1.10025e-05
47.25 9.70065e-06
47.75 9.46405e-06
48.25 8.46427e-06
48.75 6.99703e-06
49.25 6.91076e-06
49.75 7.52815e-06
50.25 8.7394e-06
50.75 8.00023e-06
51.25 6.95197e-06
51.75 5.89878e-06
52.25 6.20293e-06
52.75 5.01183e-06
53.25 6.28796e-06
53.75 6.03851e-06
54.25 5.71585e-06
54.75 5.23814e-06
55.25 4.38549e-06
55.75 4.51021e-06
56.25 4.82319e-06
56.75 3.7812e-06
57.25 3.45452e-06
57.75 3.27215e-06
58.25 3.54378e-06
58.75 1.98019e-06
59.25 2.27425e-06
59.75 1.88205e-06
60.25 2.34644e-06
60.75 4.9121e-06
61.25 1.2503e-06
61.75 1.87867e-06
62.25 1.49873e-06
62.75 1.89458e-06
63.25 1.41789e-06
63.75 1.62288e-06
64.25 9.63972e-07
64.75 1.34828e-06
65.25 1.1129e-06
65.75 8.18779e-07
66.25 7.97653e-07
66.75 1.64187e-06
67.25 5.6188e-07
67.75 6.13179e-07
68.25 6.35144e-07
68.75 4.00822e-07
69.25 4.73747e-07
69.75 1.47647e-07
70.25 7.72544e-07
70.75 4.55891e-07
71.25 4.36443e-07
71.75 4.48162e-07
72.25 2.24606e-07
72.75 3.65341e-07
73.25 4.24728e-07
73.75 4.37264e-07
74.25 1.43108e-07
74.75 2.82718e-07
75.25 3.40092e-07
75.75 2.04084e-07
76.25 6.99625e-08
76.75 0
77.25 7.08508e-08
77.75 0
78.25 2.13406e-07
78.75 1.40204e-07
79.25 0
79.75 6.52223e-08
80.25 0
80.75 1.36103e-07
81.25 0
81.75 0
82.25 0
82.75 0
83.25 0
83.75 0
84.25 6.56245e-08
84.75 6.52283e-08
85.25 0
85.75 0
86.25 0
86.75 0
87.25 0
87.75 0
88.25 5.82301e-08
88.75 6.21288e-08
89.25 0
89.75 5.71766e-08
90.25 0
90.75 6.08669e-08
91.25 0
91.75 0
92.25 0
92.75 0
93.25 0
93.75 0
94.25 0
94.75 0
95.25 0
95.75 0
96.25 0
96.75 0
97.25 0
97.75 0
98.25 0
98.75 0
99.25 0
99.75 0
