# input flux integral: 0.85363 (width integral: 0.426815)
0.25 0.0206401
0.75 0.0286635
1.25 0.0289437
1.75 0.0339352
2.25 0.0306056
2.75 0.0286944
3.25 0.0291027
3.75 0.0284873
4.25 0.0246613
4.75 0.030556
5.25 0.0256102
5.75 0.025383
6.25 0.0301786
6.75 0.0293674
7.25 0.0248191
7.75 0.0241819
8.25 0.0217501
8.75 0.021813
9.25 0.0229129
9.75 0.0206684
10.25 0.0219781
10.75 0.0198293
11.25 0.0185456
11.75 0.0163522
12.25 0.0161966
12.75 0.0165029
13.25 0.015421
13.75 0.016151
14.25 0.0135683
14.75 0.0131512
15.25 0.0124976
15.75 0.0116301
16.25 0.0109465
16.75 0.0132276
17.25 0.011482
17.75 0.0106235
18.25 0.0103849
18.75 0.00979448
19.25 0.0100236
19.75 0.010091
20.25 0.00886649
20.75 0.00754439
21.25 0.00687311
21.75 0.00787623
22.25 0.00788898
22.75 0.00657589
23.25 0.00877343
23.75 0.00654314
24.25 0.00618216
24.75 0.00588581
25.25 0.00611494
25.75 0.00554616
26.25 0.00526828
26.75 0.00503209
27.25 0.00397505
27.75 0.00499999
28.25 0.00542552
28.75 0.00583868
29.25 0.00364964
29.75 0.00467802
30.25 0.004133
30.75 0.00371926
31.25 0.00368758
31.75 0.00455681
32.25 0.00330731
32.75 0.0034716
33.25 0.00333403
33.75 0.00335507
34.25 0.00210591
34.75 0.00343089
35.25 0.00238262
35.75 0.00228497
36.25 0.00250158
36.75 0.00168669
37.25 0.00234596
37.75 0.0013656
38.25 0.00173838
38.75 0.00147316
39.25 0.00127685
39.75 0.0012102
40.25 0.0012223
40.75 0.00112017
41.25 0.00121857
41.75 0.000833293
42.25 0.000641025
42.75 0.00124397
43.25 0.000474613
43.75 0.000506001
44.25 0.000427951
44.75 0.000424406
45.25 0.000254242
45.75 0.000267112
46.25 0.000405478
46.75 0.000578638
47.25 0.000250405
47.75 0.000388889
48.25 0.000160135
48.75 0.000191214
49.25 0.000173818
49.75 0.000169909
50.25 0.000172123
50.75 0.000213178
51.25 0.000162238
51.75 0.000150309
52.25 0.000105288
52.75 7.9588e-05
53.25 7.90154e-05
53.75 0.000102864
54.25 0.00011821
54.75 9.52368e-05
55.25 9.23008e-05
55.75 0.000112082
56.25 0.000141449
56.75 3.53985e-05
57.25 0.000138029
57.75 0.000141963
58.25 8.75181e-05
58.75 6.33537e-05
59.25 7.66133e-05
59.75 7.28975e-05
60.25 6.11895e-05
60.75 9.01989e-05
61.25 7.46737e-05
61.75 2.1813e-05
62.25 5.60835e-05
62.75 9.70027e-06
63.25 9.64035e-06
63.75 2.05638e-05
64.25 0
64.75 4.33074e-05
65.25 1.10262e-05
65.75 3.04099e-05
66.25 1.05546e-05
66.75 2.08417e-05
67.25 2.07112e-05
67.75 0
68.25 1.01979e-05
68.75 3.06454e-05
69.25 0
69.75 0
70.25 0
70.75 0
71.25 0
71.75 0
72.25 0
72.75 0
73.25 0
73.75 9.70374e-06
74.25 0
74.75 0
75.25 0
75.75 0
76.25 0
76.75 0
77.25 0
77.75 0
78.25 0
78.75 0
79.25 0
79.75 0
80.25 0
80.75 0
81.25 0
81.75 0
82.25 0
82.75 0
83.25 0
83.75 0
84.25 0
84.75 0
85.25 0
85.75 0
86.25 0
86.75 0
87.25 0
87.75 0
88.25 0
88.75 0
89.25 0
89.75 0
90.25 0
90.75 0
91.25 0
91.75 0
92.25 0
92.75 0
93.25 0
93.75 0
94.25 0
94.75 0
95.25 0
95.75 0
96.25 0
96.75 0
97.25 0
97.75 0
98.25 0
98.75 0
99.25 0
99.75 0
