# input flux integral: 0.550268 (width integral: 0.275134)
0.25 0.0234651
0.75 0.0398095
1.25 0.0406075
1.75 0.0491495
2.25 0.0376093
2.75 0.037575
3.25 0.0382873
3.75 0.0342758
4.25 0.0355489
4.75 0.0336565
5.25 0.0331542
5.75 0.0298889
6.25 0.0292307
6.75 0.0277421
7.25 0.0251301
7.75 0.026723
8.25 0.023478
8.75 0.0233328
9.25 0.0232481
9.75 0.0195158
10.25 0.0173987
10.75 0.018399
11.25 0.0167773
11.75 0.0167033
12.25 0.0163419
12.75 0.0131712
13.25 0.013857
13.75 0.0128721
14.25 0.0146792
14.75 0.013448
15.25 0.0108305
15.75 0.00976482
16.25 0.0103041
16.75 0.0104545
17.25 0.00864275
17.75 0.00893132
18.25 0.00821603
18.75 0.00726735
19.25 0.00885663
19.75 0.00664294
20.25 0.00789804
20.75 0.0066052
21.25 0.00623256
21.75 0.00622851
22.25 0.00534425
22.75 0.00507118
23.25 0.00415172
23.75 0.00473135
24.25 0.00432824
24.75 0.0050575
25.25 0.00429685
25.75 0.00346651
26.25 0.00462849
26.75 0.00392878
27.25 0.00286613
27.75 0.00312039
28.25 0.00299392
28.75 0.00231465
29.25 0.00286211
29.75 0.00246685
30.25 0.00203942
30.75 0.00245969
31.25 0.00153104
31.75 0.00196157
32.25 0.0017861
32.75 0.00189417
33.25 0.00161029
33.75 0.00147297
34.25 0.00133806
34.75 0.00160931
35.25 0.000852732
35.75 0.00136168
36.25 0.000936434
36.75 0.00132892
37.25 0.00138465
37.75 0.00104069
38.25 0.000837088
38.75 0.00106962
39.25 0.000806007
39.75 0.000698005
40.25 0.00104712
40.75 0.000437514
41.25 0.000283669
41.75 0.000554999
42.25 0.000379804
42.75 0.00053012
43.25 0.000366888
43.75 0.000324811
44.25 0.000404904
44.75 0.000335651
45.25 0.000159921
45.75 0.000383758
46.25 0.000364457
46.75 0.000370961
47.25 0.000128414
47.75 0.000260091
48.25 0.000234431
48.75 0.000216971
49.25 0.000249727
49.75 0.00019155
50.25 0.00022792
50.75 0.000137557
51.25 5.89107e-05
51.75 7.8567e-05
52.25 0.000178354
52.75 9.7187e-05
53.25 1.91545e-05
53.75 0
54.25 1.91259e-05
54.75 1.86774e-05
55.25 3.64928e-05
55.75 1.87321e-05
56.25 0
56.75 0
57.25 5.39077e-05
57.75 5.37811e-05
58.25 0
58.75 0
59.25 0
59.75 1.54651e-05
60.25 0
60.75 1.6718e-05
61.25 1.7458e-05
61.75 0
62.25 1.66867e-05
62.75 1.65665e-05
63.25 0
63.75 0
64.25 0
64.75 1.60608e-05
65.25 1.59597e-05
65.75 3.12228e-05
66.25 0
66.75 0
67.25 1.59491e-05
67.75 0
68.25 0
68.75 0
69.25 0
69.75 1.5343e-05
70.25 0
70.75 0
71.25 0
71.75 0
72.25 0
72.75 0
73.25 0
73.75 0
74.25 0
74.75 0
75.25 0
75.75 0
76.25 0
76.75 0
77.25 0
77.75 0
78.25 0
78.75 0
79.25 0
79.75 0
80.25 0
80.75 0
81.25 0
81.75 0
82.25 0
82.75 0
83.25 0
83.75 0
84.25 0
84.75 0
85.25 0
85.75 0
86.25 0
86.75 0
87.25 0
87.75 0
88.25 0
88.75 0
89.25 0
89.75 0
90.25 0
90.75 0
91.25 0
91.75 0
92.25 0
92.75 0
93.25 0
93.75 0
94.25 0
94.75 0
95.25 0
95.75 0
96.25 0
96.75 0
97.25 0
97.75 0
98.25 0
98.75 0
99.25 0
99.75 0
