# input flux integral: 285.887 (width integral: 142.944)
0.25 0.00899894
0.75 0.0228485
1.25 0.0593664
1.75 0.0879553
2.25 0.115862
2.75 0.142475
3.25 0.149573
3.75 0.119612
4.25 0.0713869
4.75 0.0386852
5.25 0.0237334
5.75 0.0170311
6.25 0.0138132
6.75 0.0116836
7.25 0.0101773
7.75 0.00890736
8.25 0.0080027
8.75 0.0071693
9.25 0.00648315
9.75 0.00594035
10.25 0.00537422
10.75 0.00494856
11.25 0.00448184
11.75 0.00414216
12.25 0.00375288
12.75 0.00345856
13.25 0.00316949
13.75 0.00294627
14.25 0.00266133
14.75 0.00243071
15.25 0.00216681
15.75 0.00202441
16.25 0.00185995
16.75 0.00166415
17.25 0.00154061
17.75 0.00140808
18.25 0.00129847
18.75 0.00119059
19.25 0.00110819
19.75 0.00101667
20.25 0.000932756
20.75 0.000870455
21.25 0.000798179
21.75 0.000739085
22.25 0.000676904
22.75 0.000636482
23.25 0.000589128
23.75 0.000529478
24.25 0.000477989
24.75 0.000432849
25.25 0.000394005
25.75 0.000357333
26.25 0.000342331
26.75 0.000328622
27.25 0.000313486
27.75 0.00030208
28.25 0.000292818
28.75 0.000272466
29.25 0.000264057
29.75 0.000260519
30.25 0.000248662
30.75 0.000239495
31.25 0.000229561
31.75 0.000220581
32.25 0.000211136
32.75 0.000206919
33.25 0.000199587
33.75 0.000191085
34.25 0.000186998
34.75 0.000188255
35.25 0.000183201
35.75 0.000184283
36.25 0.000177742
36.75 0.000178097
37.25 0.000179521
37.75 0.000184858
38.25 0.000181855
38.75 0.00017975
39.25 0.0001824
39.75 0.000184727
40.25 0.00018573
40.75 0.000184429
41.25 0.000177707
41.75 0.000165145
42.25 0.000164444
42.75 0.000155829
43.25 0.000152173
43.75 0.000144281
44.25 0.000141263
44.75 0.000139
45.25 0.000131981
45.75 0.000130361
46.25 0.00011561
46.75 0.000116667
47.25 0.000115949
47.75 0.000113214
48.25 0.000107215
48.75 0.000104785
49.25 0.00010087
49.75 8.83188e-05
50.25 7.99242e-05
50.75 7.51926e-05
51.25 7.48736e-05
51.75 7.16083e-05
52.25 6.60708e-05
52.75 6.01297e-05
53.25 5.87798e-05
53.75 5.31517e-05
54.25 4.49768e-05
54.75 4.2904e-05
55.25 3.854e-05
55.75 3.45263e-05
56.25 3.00927e-05
56.75 2.5984e-05
57.25 2.25205e-05
57.75 2.14107e-05
58.25 1.96759e-05
58.75 1.91804e-05
59.25 1.87067e-05
59.75 1.72391e-05
60.25 1.64827e-05
60.75 1.51316e-05
61.25 1.55534e-05
61.75 1.30006e-05
62.25 1.26204e-05
62.75 1.20357e-05
63.25 1.11945e-05
63.75 1.14915e-05
64.25 1.03525e-05
64.75 9.52726e-06
65.25 9.08079e-06
65.75 8.84115e-06
66.25 9.11926e-06
66.75 8.68112e-06
67.25 7.9148e-06
67.75 7.00745e-06
68.25 6.68285e-06
68.75 6.66008e-06
69.25 6.03151e-06
69.75 5.6828e-06
70.25 6.18538e-06
70.75 5.31867e-06
71.25 4.5632e-06
71.75 4.76247e-06
72.25 4.56659e-06
72.75 3.8305e-06
73.25 4.21198e-06
73.75 2.73722e-06
74.25 3.40389e-06
74.75 3.3963e-06
75.25 3.02095e-06
75.75 2.99605e-06
76.25 2.43819e-06
76.75 2.75826e-06
77.25 2.47397e-06
77.75 2.16389e-06
78.25 1.73401e-06
78.75 1.77888e-06
79.25 1.82159e-06
79.75 1.70854e-06
80.25 1.52786e-06
80.75 1.34664e-06
81.25 1.33467e-06
81.75 1.06415e-06
82.25 1.22058e-06
82.75 1.08368e-06
83.25 9.72541e-07
83.75 1.00603e-06
84.25 6.56574e-07
84.75 9.4588e-07
85.25 6.85019e-07
85.75 8.78301e-07
86.25 6.20549e-07
86.75 7.20942e-07
87.25 6.86225e-07
87.75 5.68182e-07
88.25 4.57208e-07
88.75 5.30482e-07
89.25 6.60156e-07
89.75 3.97248e-07
90.25 4.31265e-07
90.75 4.34703e-07
91.25 3.05941e-07
91.75 3.64014e-07
92.25 2.25152e-07
92.75 2.30487e-07
93.25 2.60625e-07
93.75 2.09398e-07
94.25 1.67782e-07
94.75 1.49223e-07
95.25 1.30033e-07
95.75 1.68747e-07
96.25 4.76856e-08
96.75 7.86608e-08
97.25 9.75619e-08
97.75 1.15985e-07
98.25 9.53782e-08
98.75 1.34348e-07
99.25 1.4465e-07
99.75 5.8825e-08
