# input flux integral: 16.1203 (width integral: 8.06015)
0.25 0
0.75 0.105679
1.25 0.109675
1.75 0.110574
2.25 0.0998765
2.75 0.0832534
3.25 0.0771921
3.75 0.0700346
4.25 0.0603269
4.75 0.0508244
5.25 0.0419545
5.75 0.0343795
6.25 0.0280865
6.75 0.0231554
7.25 0.0188503
7.75 0.0148586
8.25 0.0121149
8.75 0.0100014
9.25 0.00778627
9.75 0.00673405
10.25 0.00540407
10.75 0.00436608
11.25 0.00363754
11.75 0.00286499
12.25 0.002512
12.75 0.00205228
13.25 0.00165708
13.75 0.00143422
14.25 0.00124156
14.75 0.00107801
15.25 0.000930832
15.75 0.000803049
16.25 0.000705284
16.75 0.000650608
17.25 0.000536736
17.75 0.000535686
18.25 0.000454567
18.75 0.00057902
19.25 0.000359344
19.75 0.00027615
20.25 0.000223729
20.75 0.00020923
21.25 0.000208961
21.75 0.000180903
22.25 0.000162385
22.75 0.000157284
23.25 0.000146662
23.75 0.000142987
24.25 0.000130068
24.75 0.0001247
25.25 9.54119e-05
25.75 8.43166e-05
26.25 7.62144e-05
26.75 7.58763e-05
27.25 7.37622e-05
27.75 7.15073e-05
28.25 5.17814e-05
28.75 4.32773e-05
29.25 4.43582e-05
29.75 3.22062e-05
30.25 2.96613e-05
30.75 2.80403e-05
31.25 1.62433e-05
31.75 2.14207e-05
32.25 1.57962e-05
32.75 1.52527e-05
33.25 1.75513e-05
33.75 1.42786e-05
34.25 8.802e-06
34.75 7.55382e-06
35.25 5.0158e-06
35.75 6.44535e-06
36.25 8.7824e-06
36.75 9.54814e-06
37.25 3.28116e-06
37.75 6.17098e-06
38.25 1.73154e-06
38.75 4.97046e-06
39.25 3.48702e-06
39.75 4.4222e-07
40.25 2.21132e-06
40.75 0
41.25 0
41.75 4.3653e-07
42.25 0
42.75 0
43.25 4.19228e-07
43.75 4.14666e-07
44.25 0
44.75 0
45.25 0
45.75 0
46.25 0
46.75 0
47.25 0
47.75 0
48.25 0
48.75 0
49.25 0
49.75 0
50.25 0
50.75 0
51.25 0
51.75 0
52.25 0
52.75 0
53.25 0
53.75 0
54.25 0
54.75 0
55.25 0
55.75 0
56.25 0
56.75 0
57.25 0
57.75 0
58.25 0
58.75 0
59.25 0
59.75 0
60.25 0
60.75 0
61.25 0
61.75 0
62.25 0
62.75 0
63.25 0
63.75 0
64.25 0
64.75 0
65.25 0
65.75 0
66.25 0
66.75 0
67.25 0
67.75 0
68.25 0
68.75 0
69.25 0
69.75 0
70.25 0
70.75 0
71.25 0
71.75 0
72.25 0
72.75 0
73.25 0
73.75 0
74.25 0
74.75 0
75.25 0
75.75 0
76.25 0
76.75 0
77.25 0
77.75 0
78.25 0
78.75 0
79.25 0
79.75 0
80.25 0
80.75 0
81.25 0
81.75 0
82.25 0
82.75 0
83.25 0
83.75 0
84.25 0
84.75 0
85.25 0
85.75 0
86.25 0
86.75 0
87.25 0
87.75 0
88.25 0
88.75 0
89.25 0
89.75 0
90.25 0
90.75 0
91.25 0
91.75 0
92.25 0
92.75 0
93.25 0
93.75 0
94.25 0
94.75 0
95.25 0
95.75 0
96.25 0
96.75 0
97.25 0
97.75 0
98.25 0
98.75 0
99.25 0
99.75 0
