# input flux integral: 5.19358e-10 (width integral: 2.59679e-11)
0.025 0.00437463
0.075 0.0164934
0.125 0.0214111
0.175 0.0257048
0.225 0.031924
0.275 0.0350433
0.325 0.0374693
0.375 0.0393755
0.425 0.0416091
0.475 0.0431494
0.525 0.0438811
0.575 0.0441314
0.625 0.0438041
0.675 0.0433805
0.725 0.0426296
0.775 0.0415128
0.825 0.0400109
0.875 0.0383551
0.925 0.0364681
0.975 0.0344464
1.025 0.0322899
1.075 0.0299986
1.125 0.0277073
1.175 0.0253775
1.225 0.0229707
1.275 0.0205831
1.325 0.0182976
1.375 0.0160891
1.425 0.0140135
1.475 0.012115
1.525 0.0103898
1.575 0.00885902
1.625 0.00751312
1.675 0.00632512
1.725 0.00531425
1.775 0.00445165
1.825 0.00371998
1.875 0.00311153
1.925 0.00260899
1.975 0.00219117
2.025 0.00184632
2.075 0.00156925
2.125 0.00133396
2.175 0.00114314
2.225 0.000991032
2.275 0.000862219
2.325 0.000757666
2.375 0.000673909
2.425 0.000606518
2.475 0.000552028
2.525 0.000503506
2.575 0.000463842
2.625 0.000437656
2.675 0.000406271
2.725 0.000384128
2.775 0.000369687
2.825 0.00034947
2.875 0.000332333
2.925 0.000320588
2.975 0.000308265
3.025 0.000299216
3.075 0.00028747
3.125 0.000277651
3.175 0.000271874
3.225 0.000262439
3.275 0.000254738
3.325 0.00024357
3.375 0.000234328
3.425 0.000227781
3.475 0.000219502
3.525 0.000212185
3.575 0.000204098
3.625 0.000195241
3.675 0.000186769
3.725 0.000179837
3.775 0.00017331
3.825 0.000166379
3.875 0.000157695
3.925 0.000151476
3.975 0.000143716
4.025 0.000137593
4.075 0.000131162
4.125 0.000125135
4.175 0.000119089
4.225 0.000112793
4.275 0.000108095
4.325 0.000102434
4.375 9.65808e-05
4.425 9.17479e-05
4.475 8.782e-05
4.525 8.24287e-05
4.575 7.86933e-05
4.625 7.39567e-05
4.675 6.99325e-05
4.725 6.60816e-05
4.775 6.28276e-05
4.825 5.80717e-05
4.875 5.50102e-05
4.925 5.17755e-05
4.975 4.86948e-05
5.025 4.56718e-05
5.075 4.28799e-05
5.125 4.04923e-05
5.175 3.76811e-05
5.225 3.53128e-05
5.275 3.33104e-05
5.325 3.10961e-05
5.375 2.91321e-05
5.425 2.70719e-05
5.475 2.50887e-05
5.525 2.3375e-05
5.575 2.17384e-05
5.625 2.01595e-05
5.675 1.84247e-05
5.725 1.70788e-05
5.775 1.56886e-05
5.825 1.43042e-05
5.875 1.30257e-05
5.925 1.17395e-05
5.975 1.05746e-05
6.025 9.58299e-06
6.075 8.55865e-06
6.125 7.63828e-06
6.175 6.72369e-06
6.225 5.84761e-06
6.275 4.99656e-06
6.325 4.28414e-06
6.375 3.56979e-06
6.425 2.95942e-06
6.475 2.34905e-06
6.525 1.88309e-06
6.575 1.50994e-06
6.625 1.1934e-06
6.675 9.21523e-07
6.725 6.41947e-07
6.775 3.79507e-07
6.825 1.80819e-07
6.875 5.27189e-08
6.925 1.16779e-08
6.975 7.96176e-09
7.025 3.7219e-09
7.075 1.90389e-09
7.125 8.65299e-11
