# input flux integral: 5.42277e-11 (width integral: 2.71138e-12)
0.025 0.0423769
0.075 0.108856
0.125 0.0687103
0.175 0.0431145
0.225 0.0473928
0.275 0.0331381
0.325 0.0327508
0.375 0.0342076
0.425 0.0338204
0.475 0.0326402
0.525 0.0313678
0.575 0.0298372
0.625 0.0286754
0.675 0.0275321
0.725 0.0262781
0.775 0.0250241
0.825 0.0240099
0.875 0.0227928
0.925 0.0219814
0.975 0.0210409
1.025 0.0200451
1.075 0.0192522
1.125 0.0183799
1.175 0.0173989
1.225 0.0162758
1.275 0.0153427
1.325 0.0142658
1.375 0.0132405
1.425 0.0121875
1.475 0.0111622
1.525 0.0102033
1.575 0.00932734
1.625 0.00844034
1.675 0.00762342
1.725 0.00686919
1.775 0.00615184
1.825 0.00553776
1.875 0.00491078
1.925 0.00437968
1.975 0.00392051
2.025 0.00347793
2.075 0.00307777
2.125 0.0027403
2.175 0.00241574
2.225 0.00215941
2.275 0.0018994
2.325 0.00171112
2.375 0.00151196
2.425 0.00135595
2.475 0.00121285
2.525 0.0010751
2.575 0.00098068
2.625 0.000889214
2.675 0.000796088
2.725 0.000737078
2.775 0.000667372
2.825 0.000622376
2.875 0.000562444
2.925 0.000539577
2.975 0.000498823
3.025 0.00049034
3.075 0.000461388
3.125 0.000440919
3.175 0.000423585
3.225 0.000404037
3.275 0.000390576
3.325 0.000378405
3.375 0.000358673
3.425 0.000347793
3.475 0.000337097
3.525 0.000324373
3.575 0.00030206
3.625 0.000289336
3.675 0.000278456
3.725 0.000271264
3.775 0.000255405
3.825 0.000248766
3.875 0.000239914
3.925 0.000232907
3.975 0.000219445
4.025 0.000216126
4.075 0.000200636
4.125 0.000196025
4.175 0.000186621
4.225 0.000176017
4.275 0.000172569
4.325 0.000159771
4.375 0.0001547
4.425 0.000146604
4.475 0.000138361
4.525 0.00013447
4.575 0.000132663
4.625 0.000125416
4.675 0.000116214
4.725 0.00010952
4.775 0.000104522
4.825 9.72198e-05
4.875 9.40295e-05
4.925 8.87001e-05
4.975 8.52148e-05
5.025 8.04755e-05
5.075 7.44823e-05
5.125 7.0831e-05
5.175 6.5391e-05
5.225 6.24773e-05
5.275 5.90289e-05
5.325 5.46585e-05
5.375 5.16895e-05
5.425 4.88865e-05
5.475 4.64892e-05
5.525 4.3133e-05
5.575 3.98505e-05
5.625 3.71028e-05
5.675 3.46318e-05
5.725 3.28061e-05
5.775 3.00031e-05
5.825 2.803e-05
5.875 2.61675e-05
5.925 2.36964e-05
5.975 2.2258e-05
6.025 2.01004e-05
6.075 1.81734e-05
6.125 1.68456e-05
6.175 1.49094e-05
6.225 1.35097e-05
6.275 1.21064e-05
6.325 1.00558e-05
6.375 8.57127e-06
6.425 7.20481e-06
6.475 5.87154e-06
6.525 4.63417e-06
6.575 3.77114e-06
6.625 3.07961e-06
6.675 2.36411e-06
6.725 1.73528e-06
6.775 9.66112e-07
6.825 4.42025e-07
6.875 1.27131e-07
6.925 1.22133e-08
6.975 4.14364e-09
7.025 2.36411e-09
7.075 1.41238e-09
7.125 0
7.175 0
7.225 0
7.275 0
7.325 0
7.375 0
7.425 0
7.475 0
7.525 0
7.575 0
7.625 0
7.675 0
7.725 0
7.775 0
7.825 0
7.875 0
7.925 0
7.975 0
8.025 0
8.075 0
8.125 0
8.175 0
8.225 0
8.275 0
8.325 0
8.375 0
8.425 0
8.475 0
8.525 0
8.575 0
8.625 0
8.675 0
8.725 0
8.775 0
8.825 0
8.875 0
8.925 0
8.975 0
9.025 0
9.075 0
9.125 0
9.175 0
9.225 0
9.275 0
9.325 0
9.375 0
9.425 0
9.475 0
9.525 0
9.575 0
9.625 0
9.675 0
9.725 0
9.775 0
9.825 0
9.875 0
9.925 0
9.975 0
