# input flux integral: 6.02159e+11 (width integral: 3.0108e+10)
0.025 0
0.075 0.112229
0.125 0.0707318
0.175 0.0674794
0.225 0.0705001
0.275 0.0726238
0.325 0.0714517
0.375 0.0635118
0.425 0.0558869
0.475 0.0500208
0.525 0.0436169
0.575 0.0364918
0.625 0.028981
0.675 0.0275359
0.725 0.0237179
0.775 0.0204194
0.825 0.01746
0.875 0.0150253
0.925 0.0142252
0.975 0.0116267
1.025 0.0101307
1.075 0.00945678
1.125 0.00859101
1.175 0.00728228
1.225 0.00722397
1.275 0.00666734
1.325 0.00608607
1.375 0.00561057
1.425 0.0042681
1.475 0.00445394
1.525 0.00435014
1.575 0.00372454
1.625 0.00332655
1.675 0.00328795
1.725 0.00349965
1.775 0.00256959
1.825 0.00212803
1.875 0.0022407
1.925 0.00221386
1.975 0.00192953
2.025 0.00195134
2.075 0.00149645
2.125 0.00158884
2.175 0.00151056
2.225 0.00117844
2.275 0.00108997
2.325 0.0010896
2.375 0.00105218
2.425 0.000941531
2.475 0.00084721
2.525 0.000845424
2.575 0.000994669
2.625 0.000749356
2.675 0.000900595
2.725 0.000613533
2.775 0.000618214
2.825 0.000426228
2.875 0.00050299
2.925 0.000501256
2.975 0.000654009
3.025 0.000461031
3.075 0.000440631
3.125 0.000305737
3.175 0.000353334
3.225 0.000441743
3.275 0.000317159
3.325 0.000380481
3.375 0.00026864
3.425 0.000268119
3.475 0.000340942
3.525 0.000338924
3.575 0.000288308
3.625 0.000228361
3.675 0.000250402
3.725 0.000284602
3.775 0.000180243
3.825 0.000173337
3.875 0.000332066
3.925 0.000137482
3.975 0.000171325
4.025 0.000148015
4.075 0.000135221
4.125 0.000121993
4.175 0.000108197
4.225 0.000100372
4.275 0.000146005
4.325 0.00010411
4.375 0.000108337
4.425 7.855e-05
4.475 9.87631e-05
4.525 6.38205e-05
4.575 9.52948e-05
4.625 9.21236e-05
4.675 8.15236e-05
4.725 5.68106e-05
4.775 5.36062e-05
4.825 8.29629e-05
4.875 5.74852e-05
4.925 3.86449e-05
4.975 4.1961e-05
5.025 6.21102e-05
5.075 2.03022e-05
5.125 5.24127e-06
5.175 4.99599e-06
5.225 1.5571e-06
5.275 2.41038e-07
5.325 0
5.375 0
5.425 0
5.475 0
5.525 0
5.575 0
5.625 0
5.675 0
5.725 0
5.775 0
5.825 0
5.875 0
5.925 0
5.975 0
6.025 0
6.075 0
6.125 0
6.175 0
6.225 0
6.275 0
6.325 0
6.375 0
6.425 0
6.475 0
6.525 0
6.575 0
6.625 0
6.675 0
6.725 0
6.775 0
6.825 0
6.875 0
6.925 0
6.975 0
7.025 0
7.075 0
7.125 0
7.175 0
7.225 0
7.275 0
7.325 0
7.375 0
7.425 0
7.475 0
7.525 0
7.575 0
7.625 0
7.675 0
7.725 0
7.775 0
7.825 0
7.875 0
7.925 0
7.975 0
8.025 0
8.075 0
8.125 0
8.175 0
8.225 0
8.275 0
8.325 0
8.375 0
8.425 0
8.475 0
8.525 0
8.575 0
8.625 0
8.675 0
8.725 0
8.775 0
8.825 0
8.875 0
8.925 0
8.975 0
9.025 0
9.075 0
9.125 0
9.175 0
9.225 0
9.275 0
9.325 0
9.375 0
9.425 0
9.475 0
9.525 0
9.575 0
9.625 0
9.675 0
9.725 0
9.775 0
9.825 0
9.875 0
9.925 0
9.975 0
10.5 0
11.5 0
12.5 0
13.5 0
14.5 0
15.5 0
16.5 0
17.5 0
18.5 0
19.5 0
20.5 0
21.5 0
22.5 0
23.5 0
24.5 0
25.5 0
26.5 0
27.5 0
28.5 0
29.5 0
