# input flux integral: 9.648e+12 (width integral: 4.824e+11)
0.025 0
0.075 0.00701586
0.125 0.0225741
0.175 0.0528696
0.225 0.0992971
0.275 0.15438
0.325 0.176931
0.375 0.150022
0.425 0.103056
0.475 0.0560273
0.525 0.0310568
0.575 0.0204085
0.625 0.0145894
0.675 0.0110362
0.725 0.00894095
0.775 0.00742723
0.825 0.00657113
0.875 0.00547596
0.925 0.00465078
0.975 0.004129
1.025 0.00357033
1.075 0.00320568
1.125 0.00298099
1.175 0.00273027
1.225 0.00249551
1.275 0.00225326
1.325 0.00215862
1.375 0.0021428
1.425 0.00190579
1.475 0.00193647
1.525 0.00180406
1.575 0.00172091
1.625 0.0015859
1.675 0.00151796
1.725 0.00155873
1.775 0.00146086
1.825 0.0013975
1.875 0.00139203
1.925 0.00137658
1.975 0.00127581
2.025 0.00125882
2.075 0.00122633
2.125 0.00121134
2.175 0.00113487
2.225 0.00108007
2.275 0.00102431
2.325 0.000984459
2.375 0.000903162
2.425 0.000863981
2.475 0.000788541
2.525 0.000757603
2.575 0.00071984
2.625 0.000637462
2.675 0.000615376
2.725 0.00057557
2.775 0.000542534
2.825 0.000522191
2.875 0.000477408
2.925 0.000437199
2.975 0.000430959
3.025 0.000396056
3.075 0.000370183
3.125 0.000347852
3.175 0.000336753
3.225 0.00032241
3.275 0.000309852
3.325 0.000298551
3.375 0.00026903
3.425 0.000246521
3.475 0.000244889
3.525 0.000225456
3.575 0.00022316
3.625 0.000207493
3.675 0.000208738
3.725 0.000192173
3.775 0.000174469
3.825 0.000172985
3.875 0.000161223
3.925 0.000158646
3.975 0.000147942
4.025 0.00013722
4.075 0.000124222
4.125 0.000123427
4.175 0.000118615
4.225 0.000113579
4.275 0.000113104
4.325 0.000108904
4.375 9.79635e-05
4.425 9.00361e-05
4.475 8.64039e-05
4.525 8.33459e-05
4.575 8.00362e-05
4.625 7.55775e-05
4.675 7.294e-05
4.725 6.71425e-05
4.775 6.30645e-05
4.825 6.79311e-05
4.875 5.74607e-05
4.925 5.73021e-05
4.975 4.6227e-05
5.025 4.43633e-05
5.075 2.3403e-05
5.125 8.74524e-06
5.175 2.62654e-06
5.225 9.96716e-07
5.275 1.27314e-07
5.325 3.50286e-08
5.375 1.60595e-08
5.425 0
5.475 0
5.525 0
5.575 0
5.625 0
5.675 0
5.725 0
5.775 0
5.825 0
5.875 0
5.925 0
5.975 0
6.025 0
6.075 0
6.125 0
6.175 0
6.225 0
6.275 0
6.325 0
6.375 0
6.425 0
6.475 0
6.525 0
6.575 0
6.625 0
6.675 0
6.725 0
6.775 0
6.825 0
6.875 0
6.925 0
6.975 0
7.025 0
7.075 0
7.125 0
7.175 0
7.225 0
7.275 0
7.325 0
7.375 0
7.425 0
7.475 0
7.525 0
7.575 0
7.625 0
7.675 0
7.725 0
7.775 0
7.825 0
7.875 0
7.925 0
7.975 0
8.025 0
8.075 0
8.125 0
8.175 0
8.225 0
8.275 0
8.325 0
8.375 0
8.425 0
8.475 0
8.525 0
8.575 0
8.625 0
8.675 0
8.725 0
8.775 0
8.825 0
8.875 0
8.925 0
8.975 0
9.025 0
9.075 0
9.125 0
9.175 0
9.225 0
9.275 0
9.325 0
9.375 0
9.425 0
9.475 0
9.525 0
9.575 0
9.625 0
9.675 0
9.725 0
9.775 0
9.825 0
9.875 0
9.925 0
9.975 0
10.5 0
11.5 0
12.5 0
13.5 0
14.5 0
15.5 0
16.5 0
17.5 0
18.5 0
19.5 0
20.5 0
21.5 0
22.5 0
23.5 0
24.5 0
25.5 0
26.5 0
27.5 0
28.5 0
29.5 0
